16
911 930
615 299
675 25
806 11
569 737
396 674
293 841
621 871
591 19
850 126
58 132
97 750
67 361
57 529
668 659
377 916
380 355
652 54
997 416
410 110
322 61
686 261
203 320
727 338
446 325
206 540
100 577
267 274
469 698
132 935
961 356
52 273
940 422
795 760
260 627
511 452
530 365
71 527
371 564
176 737
266 427
86 250
20 923
745 123
728 497
345 61
985 771
47 515
689 753
721 612
955 70
650 16
885 677
804 508
857 856
154 48
454 267
399 221
640 175
125 316
48 371
795 706
585 757
894 319
849 942
410 918
855 596
269 559
712 945
560 416
352 312
611 730
615 320
932 959
977 328
916 50
714 506
230 159
773 365
644 777
319 883
176 210
844 561
916 869
77 205
439 631
13 521
565 276
967 165
265 558
142 75
690 1
688 468
495 98
912 680
111 445
414 331
577 133
750 219
669 54
122 61
566 110
812 799
21 378
443 808
875 886
425 524
338 940
656 556
97 262
23 362
674 494
477 25
809 466
504 387
811 925
241 917
536 144
312 885
783 760
976 404
533 545
527 870
866 585
405 381
408 159
806 597
904 569
245 835
387 813
710 935
834 431
560 521
538 650
318 960
687 570
409 684
420 157
156 661
301 642
299 949
505 225
824 584
167 578
107 380
619 594
966 3
413 464
18 981
783 526
962 99
737 27
194 366
67 701
403 30
830 500
38 415
767 473
834 525
681 709
172 216
950 534
50 34
298 252
508 21
668 122
463 459
137 856
935 493
959 718
793 164
835 522
970 998
175 650
975 288
211 974
859 739
503 100
334 737
451 775
104 6
188 826
938 27
451 453
844 893
778 850
401 140
198 354
820 816
772 129
221 286
218 160
907 520
907 665
488 19
885 932
516 794
675 184
751 624
602 486
510 794
851 559
56 602
572 574
430 920
419 712
166 123
984 240
667 901
445 391
802 797
860 808
274 718
550 618
209 821
596 750
408 664
283 809
610 505
513 379
630 314
710 61
654 58
618 370
796 717
713 956
632 74
717 911
976 38
688 307
45 183
371 883
541 819
712 810
883 990
217 725
55 121
596 203
819 888
804 938
547 228
732 587
591 303
74 397
785 335
213 431
814 761
253 903
587 887
230 632
734 740
592 904
389 731
694 847
414 696
649 131
757 294
25 697
371 904
719 918
633 155
90 123
41 800
716 95
477 392
728 142
455 415
114 415
564 35
427 892
686 966
231 274
116 287
565 72
448 880
106 621
869 360
602 474
914 472
341 774
176 970
426 128
348 501
131 735
193 757
844 926
653 568
881 147
862 715
403 70
585 779
350 551
471 888
930 552
77 804
308 154
78 929
761 739
207 351
894 676
790 877
511 737
280 559
58 778
390 470
151 719
515 158
967 664
253 241
261 642
397 176
853 573
253 921
752 578
293 364
633 698
881 679
903 514
291 354
840 51
288 845
926 245
658 797
336 187
570 901
648 970
239 953
436 52
711 126
139 177
673 101
574 645
413 599
929 132
937 51
229 713
888 874
547 262
537 547
679 654
538 530
454 14
638 387
109 987
466 492
407 125
344 673
435 248
590 569
304 707
583 646
678 977
643 282
315 445
661 804
222 627
649 986
603 106
352 121
243 629
913 79
0 864
966 994
26 408
16 233
177 179
424 600
247 279
20 33
817 463
321 205
698 287
187 419
140 448
102 743
572 415
816 516
296 968
430 836
864 481
200 659
903 513
489 276
804 223
574 555
481 270
747 186
639 526
452 351
628 846
391 51
771 613
100 909
134 801
805 4
305 343
592 203
590 816
478 95
33 852
135 685
752 248
116 286
577 195
433 76
992 135
165 470
171 931
703 519
211 933
295 461
385 221
118 646
923 132
11 853
370 291
922 633
417 649
99 206
564 220
581 581
139 792
517 918
905 37
599 591
917 490
575 124
484 544
181 366
217 970
235 273
99 8
316 324
505 643
490 845
556 99
740 357
193 76
890 95
289 94
943 183
927 891
314 773
934 260
441 128
757 925
434 447
80 319
671 699
275 220
614 320
229 685
234 634
751 351
961 397
768 508
187 516
630 229
364 755
915 229
142 680
306 801
702 28
580 292
784 792
539 847
938 498
883 701
235 23
40 813
438 674
672 33
231 131
621 43
856 867
591 918
320 259
844 642
849 308
501 706
52 81
78 872
564 752
849 481
571 520
569 818
421 853
430 97
703 94
913 785
955 248
885 45
563 75
352 389
200 234
941 358
518 304
680 988
293 806
749 851
295 457
861 83
497 96
181 434
40 267
437 867
161 414
738 404
596 541
297 93
862 482
457 364
82 851
923 894
452 278
249 832
690 342
736 483
230 591
67 382
116 836
853 566
397 883
707 648
174 702
820 38
120 410
477 272
596 564
293 970
43 919
730 132
855 522
439 23
90 775
235 98
609 95
782 340
172 280
210 957
693 64
196 141
586 3
54 118
953 633
978 741
319 867
637 562
804 35
141 698
231 171
912 618
794 486
619 180
761 883
196 542
517 569
13 309
191 68
550 177
227 324
813 754
27 622
196 792
468 812
759 640
314 728
328 106
963 711
369 303
762 456
269 624
18 715
148 490
644 222
242 182
168 27
746 309
604 749
884 832
644 889
88 101
414 474
285 845
504 877
187 371
537 107
233 719
336 732
860 680
949 912
205 65
626 616
94 434
582 508
625 751
494 214
308 605
728 204
52 249
781 171
277 443
810 502
340 639
92 294
58 268
869 636
189 685
279 241
892 878
276 238
478 713
512 808
640 461
724 195
258 888
623 935
924 755
914 48
474 380
281 583
17 817
345 654
293 920
515 489
113 587
651 304
433 465
277 337
943 736
973 466
745 318
185 196
931 656
125 363
759 665
770 665
453 875
485 43
744 28
144 396
735 560
335 213
93 340
913 710
6 483
8 789
270 745
143 661
607 876
415 299
678 859
165 682
587 703
636 390
260 662
875 413
389 878
163 762
525 54
456 11
720 776
873 714
29 363
781 64
339 446
291 277
973 998
494 469
487 856
387 436
499 874
425 866
197 67
60 114
951 315
326 212
409 117
163 738
321 306
55 720
532 935
238 28
358 654
95 517
235 26
758 297
330 523
629 550
731 986
966 570
645 991
783 189
934 646
635 692
288 855
385 497
780 757
707 661
822 46
389 968
85 513
96 96
21 335
842 525
523 687
580 957
220 437
416 555
355 197
908 369
245 617
647 183
298 499
63 668
818 636
253 809
785 658
798 421
593 112
806 571
610 279
675 304
345 810
148 216
722 992
428 320
979 67
134 22
631 549
22 364
324 538
698 588
130 256
508 893
744 843
333 612
652 173
55 910
262 522
982 865
969 570
293 243
0 128
657 298
97 111
636 514
977 549
200 797
860 639
549 556
998 907
457 860
843 565
491 924
568 217
916 899
684 783
459 238
94 765
28 735
580 862
940 257
309 344
347 415
724 739
430 973
425 398
528 687
462 243
716 965
787 723
586 800
742 612
107 206
250 726
683 57
971 645
35 238
700 49
191 16
13 649
98 965
516 262
996 457
494 756
222 198
90 211
842 13
603 516
321 262
776 414
626 140
514 513
532 316
793 162
145 435
899 388
807 879
403 728
147 438
313 947
228 451
987 54
137 39
688 131
809 899
485 507
870 492
382 508
380 367
682 728
947 116
483 113
910 968
65 960
232 26
619 924
163 727
633 240
172 200
248 38
950 753
427 695
657 381
674 628
167 205
442 46
995 503
121 418
318 947
43 361
895 753
478 396
198 582
223 300
182 46
728 111
813 931
286 343
553 419
186 340
688 920
252 922
92 456
743 141
889 549
142 97
596 791
105 550
707 837
67 392
83 179
267 228
441 541
140 935
297 610
659 929
700 660
406 326
858 939
348 69
244 73
116 498
28 56
205 246
67 40
919 774
71 149
805 737
944 21
408 122
709 502
737 342
343 54
546 671
857 100
305 871
282 820
874 521
938 513
184 104
749 378
760 611
318 990
459 112
483 180
877 693
953 100
758 623
228 305
965 369
437 792
124 862
241 929
308 665
129 204
214 905
443 400
130 875
181 68
904 959
145 592
273 845
73 230
25 384
776 586
371 944
939 185
920 174
682 397
878 128
335 654
802 772
66 309
961 585
446 274
200 545
108 341
838 723
962 25
779 326
47 917
248 967
317 308
522 411
564 500
532 472
503 939
344 893
166 886
265 139
447 467
344 107
457 982
578 630
822 801
962 332
172 765
560 772
729 845
565 522
937 41
434 830
14 536
300 209
898 742
910 619
915 981
188 208
539 888
751 785
251 811
201 430
340 358
991 169
178 208
998 45
78 768
971 326
718 375
524 579
763 626
772 678
406 67
215 164
607 374
674 47
516 577
53 216
971 605
417 2
996 706
280 875
790 854
573 379
684 678
913 383
500 877
103 455
244 297
93 875
417 157
127 373
861 329
889 791
908 78
729 597
108 445
807 149
710 191
803 123
581 215
649 601
746 580
738 236
314 667
194 313
108 481
882 294